25902693898321826208566192442199018416
186171347914734820371184491473890157427
53745672530283793583516774536072513399
47093670501534552015582318690567941684
23046872709372884360240344446748459468
185336716746260999674264385668626231097
2906453608402478811468510873062961556
94476756807336238576925261326165422801
178256784729355017331829350353404329056
80920392221594363779666775947750601139
55946335504975951145382409895023641883
35111193943030524187436605591631884415
55756815328892754116982536889218843806
58482076088380804845130685586153292192
57320188272925587452537182292136016132
129823392104800717563494774547224730123
79612608523094567218928481104281617873
18983380232845341465160998728079834961
73523509310381053545209938714519619236
58482076088380804845130685586153292192
57320188272925587452537182292136016132
98554971775095448791311411731436722800
16931818408841702318742122619243179747
160766638739066140432794037358494370576
15693187220983540910779857303116749509
61432743635066865526904291355382718540
61839607474297020647516832638984384831
522737268507630491827272156308797567
167370644160574234760619724899251311984
73007622945220370944398892887964719989
61432743635066865526904291355382718540
165594838426685840187181511011521263885
117442747059326997275218611519348583858
169229722380988155783676484162506480520
96884017716098685533170250688883418610
7027270061155759062550389508757536787
36774960866340843764173734433303828303
160322771726529478662735183628059427005
41391958422906656733287877558761576662
96884017716098685533170250688883418610
72583524003130921496862879017655631455
42025339908967230421127811957179674205
168066461918125240302617698612291051754
36077895272459173278661007008444368816
82057706867796028250264336749063652596
96641714078666157751323437324886089512
110707056997293636928321087644297613970
142800195955264152376562494381732248033
