48168716649061797171072238208570604797
111389785893994057268051590422276524699
137270672186996107900808106754863692951
55867296868097334235854525568954475248
152157571392306880521675844687667971535
44052910561977880809108950217239284601
19662313740439359341931253072195729802
20143140406290092726706191475519842292
119874753517462267853382876180107719827
172251853794426700053709746533746206939
147398084081595265552636200055812975218
38991005396991275591932595055137471472
153146428373966478570329512523143476731
108425934726900311433468177158560009088
27190060831488634643416900831209073252
137270672186996107900808106754863692951
44052910561977880809108950217239284601
212479798179288790321713770871431655592
105635872223069848943658838491180732930
47197110539031819986727751079686843675
210232885553171428870013014090512695055
70859207432552307810590339757445042228
22167699001071001325561720564704165356
220894231056698189386720081242002524920
107805864291860534834974609778647453667
125698176890729574308714992293799998225
132534428132652660151950457758346998653
46904989535119096563635538632084242071
201802024251173067223858983645243758499
235196617792643833070046632765011081617
27354229980843666989202728544065606773
225168321789742978251723230426316913082
225168321789742978251723230426316913082
126149306084727876648499246077248911823
116718511303443333078225259658495375203
225168321789742978251723230426316913082
45943240179909939429701133305583194943
210232885553171428870013014090512695055
92137377456682064681278802030248779805
131242806648614947259510952250417856221
